126554072
106506663
838367504
145176204
415949149
056444060
842782475
745336528
183749711
118018091
142763343
109140590
357986314
544562476
913528474
429973953
761830436
004445194
735091557
108926134
009761113
473158413
098424206
340538365
229220509
816122075
209335218
214183461
897566839
202481695
085193624
262914232
398769840
922691234
126697169
769187767
559833533
394047122
367148095
219893724
097163690
368327729
490536402
093910179
793420458
823113561
670431603
656432075
802770448
652456099
272437312
977098461
165608138
155586336
961557659
712553176
815500640
088110301
565952250
288063263
856824551
264703950
654057083
887917940
934001714
516179751
271047331
273955414
026426425
612515101
049060125
024130060
900262962
163124052
235221221
031600310
202242204
880249801
686771291
793968651
627388856
023723525
367929425
957981011
411323722
039050678
215056823
987757560
238299484
366730779
904147107
292021463
739150918
218871648
503818438
272887624
032246300
986837996
923002216
898797283
019460452
365213715
144337777
436017319
986213251
503096287
433294530
710698893
103233446
115309672
530160289
745975801
076905794
798772863
317469322
885160880
524598050
317669935
255841507
183017406
022713102
934812750
460231032
137416109
228533013
850031641
656354416
744163438
753478703
721694601
918236413
247553421
076842001
838371970
925484526
866458856
082333822
607779249
203614921
987991791
718724074
280696428
756638462
342852189
588769813
223205243
834735607
533949377
069423978
773091585
150843943
655055415
027179917
329680920
551814809
629070476
856799830
367758561
907928542
084708163
759369473
622714317
675238525
783948844
605314064
169792725
114413742
950645588
832882306
091750375
808606576
103421798
924794154
795094921
289944457
552191842
748975135
318621549
964470750
081637678
911665522
918724112
912752692
563181212
432728739
248242635
145242480
579009407
581318405
350290999
653990994
885398513
106558321
767555283
634472598
101766450
896794053
822747965
292913528
011671958
676459502
160834973
280207546
321874545
337380492
763098785
760919872
548085425
320065389
732441980
307444052
234951256
182985029
602318301
082962996
800777492
784486531
670277575
792099650
563313855
096225266
918567893
572686695
579107843
993521329
803529442
917992300
837726209
240453758
103341932
325258500
296846996
125227331
410541220
971380654
802355242
807052446
679427059
484642973
517888899
031414623
883057019
578974074
964455647
